initial_pose_x: 0.785989
initial_pose_y: 0.075560
initial_pose_a: 1.555061

