initial_pose_x: 0.715378
initial_pose_y: 1.405518
initial_pose_a: 0.426357

