initial_pose_x: 7.372643
initial_pose_y: -2.402034
initial_pose_a: -0.722885

