initial_pose_x: 0.792672
initial_pose_y: -1.911888
initial_pose_a: -2.939576

