initial_pose_x: -0.176981
initial_pose_y: -0.411851
initial_pose_a: 0.467195

