initial_pose_x: 1.240527
initial_pose_y: -0.275460
initial_pose_a: 0.155026

