initial_pose_x: 1.326912
initial_pose_y: -1.983988
initial_pose_a: -0.343603

