initial_pose_x: 0.685758
initial_pose_y: 0.555317
initial_pose_a: 1.627755

