initial_pose_x: 0.689661
initial_pose_y: -0.024876
initial_pose_a: -2.258847

