initial_pose_x: -0.056908
initial_pose_y: 0.141128
initial_pose_a: -3.124044

