initial_pose_x: 6.003912
initial_pose_y: -2.781021
initial_pose_a: 0.046706

